999999999999999999999999999999999999999999999999999999999999999999999999999999999999999999999999999999
901989543349769422391093215459989998789987646569789993498999654789549874323890123569899321239984321239
919979431298658901989989102398678999679998732498659889987998965678998765434789256898798990198964210129
998868959976547899879878919987568986569876545987748778975456978789129886545679345987676889987894321239
987657898697635679965457898765459997689987987976536567965367899895434998676889556976545678976789542359
998768987532124569894346799879767898792398998985423489874215689976999898789998968987536567975697653769
909878998549013456789234789989879999899989759596434598765424567899889789899987899998423498996789974879
923989597698929577890124678998989998998976543459876789875435679998767678979876788987610189997899985989
935995498987698989931234589876399987897895321234989898986546989999654599756985457899835678998999876799
949894329996567996543646679965219895986789442349897967897657897987543689646796578998945899899998987919
998799498975456789679758789894329784365679543498765356999779976798542349435698699987659998799897698909
998678987654345898789899995789997673234578954569953237989895435695421238996998789098798767686789539899
987579899876456789890921234899876562123458896798992139979994321986542356789899892129988756545697699799
976456789986567892992973345698765431013456789987789398768989545697643459896789943234979643234689987679
915345789997678991989865866799877645123879898765678987654578956789854699945697654345965432123567891569
901234678998989789878978988999989756434789959654799865432349997898765989896789986459876321035689932459
942356789799795698767899199689999978565696549875678954321556798969878978789896798768985453147897547669
955467897657654599845689234599878987686796534986899766210199899543989865678934989899876954248987698899
978567976544323972134678946988765698787894323987989865431988954321298754569129876989989865467898789969
997688998431019764346889999877664569899989537898978976549877898432997643477996545678997976567899896459
998789987542339875497899889966512388987678956789567989699766997549876432356789656789876598789999932349
979998999656547976798956779654303567894569767993476799987645689679996540168899867898765429895698921299
969867898767956989899234568943212467942398978932345789765434878989987651279999998999878210934597890989
954356679879869999998745678965343567899497899210156798953223467890199762389898999998765429129986789979
943234598998978989989656789976474679978986799332345997974013678989239873499766789899876698998764678969
932129987897899879879897893987665678969765688995459886892124568979456989678954579789997987679876799659
943098756466789965568998912498778999543204467989598765789995679768997898799643498657898996545989893349
932195542345692194349899543989889219674312345678987654676789789657898939899985999748999995434997932129
949974321236789989998797659876999998765463467889999853365899899948969024989876789899899989329876543299
998765432459899878899689998765439899876878978999998962134679998768952135678987892997659878212987756789
989878545568943456789567899986798769997989989998897981015789109878943946789398910198734965329998967999
976989766779542345997456999987988848998993299987656893134894215989659898994239321989219876498999898909
965499879889431236896567898999876536689932109876545699865789323498969789892149499975323989997688789219
977567989994310126987699987897765425579894212976434678997895434567998698789298988895434599876535679929
989878999989992434598987896986544213456789323986545789798999567899876597678987876789997679985424567899
998989689979889545689656985987932101568996454697676994679898978998977456569896545899889789876313756999
987696569865678976796545964399879213679987568998787893598787899987654323456795435987678999974101347899
999542499874568989897689875219864344567898679879899921987676789998765213498899019875433398763212456799
998651987653456891999797654309875457689999989467978939876545978987654354789998939764321298654343578899
999910299842968910199998765423989698999989992359867899765436567998765565699987698965542398765456679989
987891298769899329989459896539898989899878989498756969896523457899879876789876577896654459876768789579
986889999998789498778967987997657876798967678987542457999212356892989987898765466789895899989899895459
975679899878578997656799799876545675897654567898761269998323678931094598999974345689976789998989987349
954998797654369876545698655987434234698768778965210998987534569542123459999985286789987899877878999499
969876569765245995436789543298321023789899889654339876598648698967934699989998389898998998765769998989
999987678974345989567897654976432368999934999776549765409759987899545989878986468987659987654458996569
989998799765459879978998769876543456789019439887797653219869896978999878767897579999542396543256789459
977869899976595768899789989987854597892198923998898987323998785456789767456997689989321998672145896569
965657999898974656795678999998978789943297899029999875434987674356997654345679789878939876543235789979
954446798789863234934567899889989997899986788934989986845698543245898543157799898767899988756346993989
963234987598754378946678999765494466998765587899764397956987654166789521045678998656989999878498932499
932129896439865567899889998954322345799873456797654298987898765278995432123889987645879921989679101239
954598765323987679932999987943201239923921367899752129698999986789876566234999876533767893499789212359
965979543212398789321349876893213998899890156998943534599995987897987875365678997621655679999899324469
979865432101579893210298765789329887796789234567898776789984398966898765476799598540134567892998734579
997976765212389964321349654895499765675678945788979989899875109754689896587897498621345678921987656789
945989974323478965435498763796987654564567896799865499998993298763498987788955398793456799439999868999
935699865434567896568679765689998663313456789899954349876799499832997698999843209876569978998921979759
923456987545789997679794986899876532102348999989762198765698986549876539698654214987678967987899989449
912369998856797899989892397954987693299467898778943987654987897697654323589774323898789754345698994329
903498999767896789998943498923498989988978989669659876543976898798778412378987434679996643134677899019
912397989998945899987659569014679979877899566458998997652987979899989303567896545698765432012345698929
929986678999234589298798998925689854656789432347896789531298965956993212688987896789876545623656987899
998765457989123479129987897898798753234894321235965678910129994349875323799998987994987656845789876789
999884329778934568949896456789987632187965430347894377892346789298765434567899599893298767957898765679
998954318667895799998765345698999531056896565467976456789457991019878545798993498789129898978998654569
987653101456899989999983213457987672145789986878998567899968932123989656999989697696534999989129763679
976543212345678967898742101277898743237899987889679678929878943235698797899878987589946895792019854589
987654323656799445987653312356999854348999998994598789219989954376899898919767893478897934593998767699
998789444569895334598764523467899965467898969123459894398999865687892999329878942367789659989889878789
909998765678954212469865674879978976578997741012367995987889976798921098934989561245689998762678989899
919899986989967301789878789989767987689876532123456789876978987939992987895697430134567899943489399969
998789997899875413599989896593656798999876543236577999865767998923989976789986521245678939867891298959
987678998934964324998999976432348999999987654345678999754256789019865545999985432368999647998910987969
976546989212975439877899998321237899987998868656789498765347999998764236789876545456789756789429896899
995435678909876659965788987534356789876899979767894219876467899876542135899987786598999867896598765489
989124789999987898754667897665767899865799999878966101987578910987853445679998997899679978989989989579
978945678989998969843456789876878987654598921999654234598689891298878956789999298921589989878978998689
967897899878999349864567892989989496543287890139865945698795789349999768998890129993499896758767899799
948999987567899156985678991299899398692125789239879899789894598996539878976789299989598765433656799899
959998976478978969876789889998678999989234599946996778993923987989423989285689989978999854321245678909
968987655301467899997895679896546789879957679899875667892109876878909993124569879768998993210134799319
979196543212378989898923798789435698957899998789764558993912965667998892023698763456977789341545678999
989298654453569875799549987698923987846798897678953249889899874347897689434599652379865679532456799789
999349866567678934678998775556799896134987678569910159765689865235985468996989543569754689674567897679
998999977689789222799239654345689765019878453456891298964598764349876569989878954798643579786979976569
987678989899892101891098743234578983198764312345689997653459878456997678977969895998652678997899965459
976568995910953323989987654465689876349865454896799886532367989567898789866759789876543567898999893269
987679994329867455678999767576789765456976575679898765421245699798929899654345678988654689939998789399
998989989939878578989679878787899896567899679793999863210134569899013998765123678999798789212987699989
929999877899989699994589989898967997789998789892987654421345678953135679854034568979899899429876578979
912989866789998789985697699979554598899019898921298766534856989894945798753145678969987968999965459569
909878545679999999876789569765453689998923987630129897645787898769899899943236989657895456789894343459
998767834568893234987895439896312599997899876531356998766899923456789999855547896546789245798799212679
999654323456792125898965323989203459876789987742567899877991012567993398767658965324678967987688953489
998765434567989546799874219879345997935899987653456789988989423499892129898768976512789999865457894589
939986545678977997988999109868999876546789399784587997699878954989689999959899654323456987654356795679
921987776799766879876788919656789997698992129895698976542167899876546789543998776435678996543235696789
910198887894654569865467798789992398789891034986789987653456789995437899678949986546899987954345789899
921239999943123498765345679896543479893789156797893298765577899876545678989234987658910199867959892959
932359865432014569876776789999876568965679238998932129987689943997656789994345699789435239878868921239
999999999999999999999999999999999999999999999999999999999999999999999999999999999999999999999999999999
